*** File Version: 4.00

Solvertype: 102
Meshtype: 2
Number of ports: 1
Portnames: 1
Modenumbers: 1
Number of frequency-points: 1
Fmin: 2.800000e+009
Fmax: 3.200000e+009
Fscale: 1.000000e+009



*** newset

*** newmode
SetType: 100
Portname: 1
Modenumber: 1
Modetype: 2
Zwave: 2.451124e+002 0.000000e+000
Zline: 5.042553e+001 0.000000e+000
Zref: 0.000000e+000 0.000000e+000
Accuracy: 4.723576e-011
Fdev: 2.980000e+009
Fmin: 2.800000e+009
Fmax: 3.200000e+009
Fcut: 0.000000e+000
Alpha: 0.000000e+000
Beta: 9.539959e+001
PortModeCalcState: 1
PortModeConsState: 0
*** endmode

*** endset


