%%MatrixMarket matrix coordinate real general
% Generated 17-Jul-2009
1901 1901 19633
1 1  6.891556592873209
2 1 -0.3483653320126273
3 1 -2.827200571143696
4 1 -2.744652875140417
5 1 -0.07794196015973001
88 1 -0.8244334784294711
382 1 -0.1639969925716585
490 1  0.175762626748153
491 1 -0.1346146643222573
492 1  0.1525216919814791
493 1 -0.1566830849048619
494 1  0.3081882953011874
495 1 -0.03578417111644264
627 1 -0.1596321822096038
628 1  0.06260756100916383
629 1 -0.1804926087143857
1651 1 -0.9619639958598426
1740 1  1.630721706481383
1741 1 -0.7243898285400697
1 2 -0.3483653320126273
2 2  3.901391877743144
3 2 -1.092427738483354
14 2 -1.037201568854431
15 2 -0.04703320358882514
88 2 -1.115119808917071
100 2 -0.3733528583321513
490 2  0.3102423445612041
491 2  0.1128715577172854
492 2 -0.2333800964210228
508 2 -0.0989573369740816
510 2  0.3274434030564485
511 2 -0.2460108010698866
627 2  0.1345076319887271
628 2 -0.1953464679238895
637 2 -0.01168197434311914
688 2 -0.3137886049706358
689 2  0.4233440418523246
700 2 -0.2372708555846833
1 3 -2.827200571143696
2 3 -1.092427738483354
3 3  7.168361321145477
15 3 -2.755412241712243
382 3 -0.1168654072646761
413 3 -0.4306123347994103
458 3 -0.06697189498186462
490 3 -0.2518986149395413
491 3  0.1411939978044314
492 3  0.1137699773038384
510 3 -0.2558147226385141
511 3  0.1285894199671364
1552 3 -0.1669798178698926
1650 3  0.1608553239783661
1651 3  0.9310526287936305
1738 3 -0.1420662467689062
1739 3  0.9099547969597642
1740 3 -0.8059283305649181
1808 3 -0.7930106288353365
1 4 -2.744652875140417
4 4  6.516795037824389
5 4 -1.020799103016873
6 4 -2.494917455507595
382 4 -0.3157934760209405
493 4  0.2843787714916635
494 4 -0.313825942047719
495 4  0.2502620992435532
496 4 -0.313825942047719
497 4  0.1843846505944547
1652 4 -0.7041829256587943
1740 4 -0.8532932417572084
1741 4  1.451260562216411
1 5 -0.07794196015973004
4 5 -1.020799103016873
5 5  3.673278939857089
6 5 -0.07794196015973007
88 5 -0.9454140049330442
89 5 -0.729195383191376
101 5 -0.6990974447357223
102 5 -0.2775216801369114
493 5  0.01771210482499687
494 5  0.3081882953011874
495 5 -0.1804926087143857
496 5  0.3081882953011874
497 5 -0.1804926087143857
628 5 -0.1566830849048619
629 5  0.1521121758045601
630 5  0.04078216418376703
631 5 -0.1566830849048619
690 5 -0.3137886049706358
691 5  0.2175832443279333
692 5 -0.129870277447699
693 5  0.1747056136595211
767 5 -0.1399197728653975
4 6 -2.494917455507595
5 6 -0.07794196015973004
6 6  6.149754700627533
7 6 -0.3483653320126273
8 6 -2.323169551881718
89 6 -0.8244334784294712
382 6 -0.1759615392207823
493 6 -0.1566830849048619
496 6  0.3081882953011874
497 6  0.02901107866037321
498 6  0.175762626748153
499 6 -0.1346146643222573
500 6  0.09171462442103777
630 6 -0.1804926087143857
631 6  0.06260756100916386
632 6 -0.1596321822096038
1553 6 -0.7331343161171168
1652 6  1.379466226849783
1741 6 -0.70595221086757
6 7 -0.3483653320126273
7 7  3.596341488889613
8 7 -1.092427738483354
83 7 -0.3525333328128469
85 7 -0.5133526045661435
89 7 -0.7042395961865758
103 7 -0.6880817474887188
498 7  0.3102423445612041
499 7  0.1128715577172854
500 7 -0.2333800964210228
617 7  0.2936271897506781
618 7 -0.2460108010698866
620 7 -0.1676331203946435
631 7 -0.1953464679238895
632 7  0.1601342268848468
684 7  0.1711668946814791
694 7 -0.201710601640223
695 7  0.1473163206123555
759 7 -0.1769421624233471
6 8 -2.323169551881717
7 8 -1.092427738483354
8 8  6.566491675508214
83 8 -2.59481471344902
331 8 -0.2385257773247301
382 8 -0.4014973038850975
498 8 -0.2518986149395413
499 8  0.1411939978044314
500 8  0.1755949182169434
617 8 -0.2558147226385141
618 8  0.200413636475646
1448 8 -0.1882044660789708
1553 8  0.7514988905437731
1554 8  0.9173310018114206
1652 8 -0.6997306592957385
1653 8 -0.8113698342783758
9 9  6.35044151153166
10 9 -0.4461322169212108
11 9 -2.489316437651968
12 9 -0.7897945620901102
13 9 -2.464502606981981
458 9 -0.2312314694933352
501 9  0.2143920723840428
502 9 -0.1854065703475654
503 9  0.1231291971597075
504 9  0.1396037814494208
505 9 -0.2250721696381937
506 9  0.1739498750676926
633 9 -0.1801732261204365
1862 9 -0.7721141003244204
1885 9 -0.7693305234281086
1894 9  1.463387718396124
9 10 -0.4461322169212108
10 10  3.65823937096591
11 10 -0.850967149692623
12 10 -0.7225993160373854
21 10 -0.04656343022040036
22 10 -1.011704828483275
104 10 -0.6631922466086612
108 10 -0.06977987202269756
501 10  0.2169282066869425
502 10  0.09563661774584138
503 10 -0.1942718185745158
504 10 -0.1738441121963859
518 10 -0.1678371495149942
521 10  0.3371217543486215
522 10 -0.1880272606670169
633 10  0.1124473580761439
642 10 -0.00468193139331013
696 10 -0.1817748556730239
697 10  0.1366956456721427
707 10 -0.1678371495149942
708 10  0.32017548288491
769 10 -0.1789057101354469
9 11 -2.489316437651968
10 11 -0.850967149692623
11 11  7.236122253441085
21 11 -3.369035064442807
399 11 -0.07398371591098968
458 11 -0.559145136355516
501 11 -0.2013640171560761
502 11  0.2291655979365971
503 11  0.1025521972041263
521 11 -0.3144640422762123
522 11  0.1534866688284679
1838 11 -0.9644550511804094
1839 11 -0.221998701503091
1884 11  1.158200783366446
1885 11  0.7650913287909634
1894 11 -0.7327960766640167
9 12 -0.7897945620901102
10 12 -0.7225993160373854
12 12  3.634067166362268
13 12 -0.5245526243953509
90 12 -0.9203823861436007
104 12 -0.7690883005913877
501 12 -0.2392449560782424
504 12  0.1833498409091424
505 12  0.2902507893223194
506 12 -0.2097464991401094
633 12  0.2327262507384882
634 12  0.236320559754446
635 12 -0.2579753284209531
696 12  0.2656299472998412
697 12 -0.2366529044535117
698 12 -0.2877452056553122
9 13 -2.464502606981981
12 13 -0.5245526243953509
13 13  6.523706387585387
14 13 -0.2445917148538134
15 13 -2.728242000425041
90 13 -0.4225985025534089
458 13 -0.2312314694933352
504 13 -0.158022361209075
505 13  0.1291516513912849
506 13  0.06758204297817025
507 13  0.1837366555070442
508 13 -0.08233014015133891
509 13  0.05895201484029043
634 13 -0.1486003284209531
635 13  0.1900555810574894
636 13 -0.1854713434158935
1808 13 -0.8872845944093194
1862 13  1.542023765716932
1894 13 -0.7327960766640167
2 14 -1.037201568854431
13 14 -0.2445917148538134
14 14  4.443948319777092
15 14 -2.126134355324073
90 14 -0.6276169462337222
100 14 -0.5048343398136328
507 14  0.4595278910517796
508 14  0.1261328787966144
509 14 -0.343336429459515
510 14 -0.4928967309134755
635 14 -0.2002562896524527
636 14  0.1666234724025685
637 14  0.4316401356456575
689 14 -0.2866535716340661
699 14 -0.1790663827484136
700 14  0.294177375185658
2 15 -0.04703320358882512
3 15 -2.755412241712244
13 15 -2.728242000425041
14 15 -2.126134355324073
15 15  7.771906163995979
458 15 -0.1697426904502665
491 15 -0.1283637422463572
507 15 -0.4565439766293264
508 15  0.04994648657248635
509 15  0.3179953572333789
510 15  0.4143417987783736
511 15  0.1500812256446313
637 15 -0.3035027915195362
1739 15 -0.9419534149049882
1808 15  1.656448575519641
1862 15 -0.7721141003244203
16 16  8.616238911907676
17 16 -0.8278626938113674
18 16 -3.486231714691798
19 16 -3.69321870865915
20 16 -0.5665046677223316
399 16 -0.1131103139836212
512 16  0.04605393534342412
513 16 -0.1646442738584844
514 16  0.1807095217548345
515 16 -0.3345038161816609
516 16  0.3023598815449471
517 16  0.1505717540729965
638 16 -0.1591249862152644
1610 16 -1.179723583971873
1702 16  2.190028238354337
1777 16 -1.049398967583405
16 17 -0.8278626938113672
17 17  3.853352933171519
18 17 -1.216264924761488
20 17 -0.9573700807318796
27 17 -0.05598468246474739
92 17 -0.5343334969127475
105 17 -0.3654845221205782
512 17  0.3009895954879686
513 17  0.1160355745724329
514 17 -0.2802356717079468
516 17 -0.2984692485103465
531 17  0.3773825800692426
532 17 -0.2433692194027086
638 17  0.1558497819148984
646 17 -0.1556816664195999
647 17  0.1255015739124966
701 17 -0.1782506692753737
702 17  0.2052269561790911
715 17 -0.1509664537279768
16 18 -3.486231714691799
17 18 -1.216264924761488
18 18  8.013639747335425
27 18 -2.709027870348218
367 18 -0.4600997350851677
399 18 -0.2448737920691476
512 18 -0.1753969620305274
513 18  0.1570301982283469
514 18  0.1196824655807615
531 18 -0.389202552736042
532 18  0.1938383468102077
1507 18 -0.3115599068440372
1610 18  1.333660501888115
1611 18  0.8635731269503639
1701 18 -0.7093959506265308
1702 18 -1.107943839625756
16 19 -3.693218708659151
19 19  8.395797619833793
20 19 -0.0117048284832753
21 19 -3.6169723743483
22 19 -0.01170482848327527
91 19 -1.011704828483275
399 19 -0.1650551694801878
515 19  0.3286514019400232
516 19 -0.1678371495149942
517 19  0.0359578733300835
518 19 -0.1678371495149942
519 19  0.3286514019400232
520 19  0.01054242855980002
639 19 -0.1678371495149942
640 19 -0.00468193139331013
641 19 -0.1678371495149942
1702 19 -1.101451753507158
1777 19  2.09565926163119
1838 19 -1.050620863966591
16 20 -0.5665046677223316
17 20 -0.9573700807318796
19 20 -0.0117048284832753
20 20  3.775596940977893
91 20 -0.7907429527693588
105 20 -0.7100290218313812
106 20 -0.8419042521003196
512 20 -0.1782506692753738
515 20  0.3286514019400232
516 20  0.1548188979383898
517 20 -0.1678371495149942
638 20  0.1558497819148984
639 20  0.1788247701117687
640 20 -0.1678371495149942
701 20  0.2511952609005466
702 20 -0.2984692485103465
703 20 -0.2773033109575768
704 20  0.1857702387649824
773 20 -0.1910775394624871
10 21 -0.04656343022040036
11 21 -3.369035064442807
19 21 -3.6169723743483
21 21  8.136263248743656
22 21 -1.011704828483275
399 21 -0.1855801575089827
502 21 -0.1506709388279365
518 21  0.1619847352733565
519 21 -0.3345038161816609
520 21  0.17598719884328
521 21  0.299765432509541
522 21  0.05519378969602881
642 21 -0.1678371495149942
1777 21 -1.049398967583405
1838 21  2.016036839717009
1884 21 -1.029955275496246
10 22 -1.011704828483275
19 22 -0.01170482848327527
21 22 -1.011704828483275
22 22  3.929771029100348
91 22 -1.011704828483275
107 22 -0.01170482848327527
108 22 -1.011704828483275
518 22  0.1619847352733565
519 22  0.3286514019400232
520 22 -0.1678371495149942
521 22 -0.3345038161816609
640 22 -0.1678371495149942
641 22 -0.00468193139331013
642 22  0.3286514019400232
705 22 -0.1678371495149942
706 22  0.3286514019400232
707 22  0.1619847352733565
708 22 -0.3345038161816609
775 22 -0.1678371495149942
23 23  6.317149701600744
24 23 -1.012080671599711
25 23 -2.826296022007445
26 23 -2.287450555763611
367 23 -0.2534516204570601
523 23  0.3314772551696395
524 23 -0.3582703864921635
525 23  0.2248784165938472
526 23 -0.3137886049706358
527 23  0.1855753332501111
1505 23 -0.8106396115601193
1609 23  1.361714589912414
1700 23 -0.6364792839598642
23 24 -1.012080671599711
24 24  3.843303153908133
25 24 -0.01208067159971072
26 24 -0.07955271637302476
28 24 -0.8878860497063582
36 24 -1.012510206589923
109 24 -0.01213436347348718
110 24 -0.01208067159971066
131 24 -1.011704828483275
523 24 -0.004832268639884296
524 24  0.328501064693449
525 24 -0.1566830849048619
526 24  0.3073455801174567
527 24 -0.1790663827484136
529 24 -0.1582330494150803
543 24 -0.1790663827484136
643 24  0.006107028475142015
644 24  0.01706780233967894
709 24 -0.1678801030140154
710 24  0.3284795879439384
711 24 -0.1582330494150803
712 24  0.3076677313601157
776 24 -0.1678801030140154
777 24 -0.01579304250442126
778 24 -0.1566830849048619
23 25 -2.826296022007446
24 25 -0.01208067159971072
25 25  6.578183744296132
34 25 -2.559114186487534
36 25 -0.7445993718590033
283 25 -0.2452260609269998
367 25 -0.3092043212188272
523 25 -0.1804926087143857
524 25  0.3314772551696396
525 25 -0.03623269451726392
542 25 -0.1946550789249744
543 25  0.1013666004627478
544 25  0.112232401467626
643 25 -0.1582330494150803
1399 25 -0.1848520463344398
1505 25  0.8066357318299294
1506 25  0.8733040573592521
1608 25 -0.7728285126071123
1609 25 -0.727306278226786
23 26 -2.287450555763611
24 26 -0.07955271637302476
26 26  6.237596985227719
27 26 -2.759629355340779
28 26 -0.9454140049330442
367 26 -0.2534516204570602
523 26 -0.1582330494150803
526 26  0.3073455801174567
527 26  0.03001977769455552
528 26 -0.313825942047719
529 26  0.1745328107251951
530 26  0.202656194371625
644 26 -0.1790663827484136
1609 26 -0.6364792839598642
1700 26  1.361714589912414
1701 26 -0.8106396115601193
17 27 -0.05598468246474742
18 27 -2.709027870348218
26 27 -2.759629355340779
27 27  6.664761162432481
28 27 -0.07794196015973007
92 27 -0.9127345034346954
367 27 -0.2534516204570603
513 27 -0.1164752800087693
528 27  0.3081882953011874
529 27 -0.1804926087143857
530 27 -0.01401047229504171
531 27  0.2819094057026256
532 27  0.08777774074960167
645 27 -0.1566830849048619
646 27  0.03629053378094878
647 27 -0.1871024314469224
1611 27 -0.8760626172931976
1700 27 -0.727306278226786
1701 27  1.517964589912414
24 28 -0.8878860497063582
26 28 -0.9454140049330442
27 28 -0.07794196015973004
28 28  3.716128000946381
92 28 -0.872052526048519
110 28 -0.8240974447357223
111 28 -0.2440395372797686
526 28 -0.3137886049706358
528 28  0.3081882953011874
529 28  0.1521121758045601
530 28 -0.1566830849048619
644 28  0.32817891345079
645 28  0.03482978323138607
646 28 -0.1804926087143857
711 28  0.1915415776612666
712 28 -0.3137886049706358
713 28 -0.1477274203048419
714 28  0.2193484708023783
779 28 -0.1555447728653975
29 29  7.735050971033411
30 29 -0.3279966123433706
31 29 -2.679618008409226
44 29 -3.826171598232421
45 29 -0.5628088775417786
279 29 -0.3931142020110851
533 29  0.3015639121402773
534 29 -0.2094501243078843
535 29  0.1788194633029761
554 29 -0.1401178358539734
557 29  0.155006070429746
558 29  0.03619802737369805
648 29 -0.2039802483891002
1504 29 -0.8644734773739609
1606 29  1.904940906180958
1699 29 -1.172171275378854
29 30 -0.3279966123433706
30 30  3.550106551576993
31 30 -0.3925705008781318
33 30 -0.7492544391365343
45 30 -0.6880326138099232
93 30 -0.5339395975962199
112 30 -0.9045865607357618
132 30 -0.09804998378826249
533 30  0.1959703048343412
534 30  0.1817268197290686
535 30 -0.1677834576412177
537 30 -0.1474776304862159
557 30 -0.1400533077498309
648 30  0.04555999454291598
649 30  0.1712499925833867
656 30 -0.1369126593494102
716 30  0.1344570612053523
717 30 -0.276186958748663
718 30  0.1394598740875722
781 30 -0.1783878343227617
782 30  0.3101340116526536
783 30 -0.1678371495149942
29 31 -2.679618008409226
30 31 -0.3925705008781318
31 31  7.165113406028872
32 31 -2.981577474786862
33 31 -0.8714961066813829
279 31 -0.2989276064087098
283 31 -0.04648193270914414
533 31 -0.2094501243078843
534 31  0.2796183859941288
535 31  0.02548612996964277
536 31 -0.1744713447954196
537 31  0.08547022636981345
538 31  0.08043078107683567
649 31 -0.2037025300846095
1398 31 -0.2110833617372384
1503 31  1.094049829980271
1504 31  0.8197971744907797
1606 31 -0.7111401440406275
1607 31 -0.9013945788768378
31 32 -2.981577474786862
32 32  7.474568211449759
33 32 -0.8880670118384364
34 32 -3.096657892887967
35 32 -0.3797859938029173
283 32 -0.203464374996289
536 32  0.04148681028809959
537 32 -0.172123926955044
538 32  0.2039212669537057
539 32 -0.2989720828382153
540 32  0.3369744913677219
541 32  0.1063689080779753
650 32 -0.1674613063985588
1503 32 -1.027232482594083
1607 32  1.800271775900326
1608 32 -0.8419795880176056
30 33 -0.7492544391365344
31 33 -0.8714961066813829
32 33 -0.8880670118384364
33 33  3.802383216560753
35 33 -1.124941768916831
112 33 -0.2620477503586644
534 33 -0.2619354618115171
536 33  0.2926605192082873
537 33  0.2258627825098666
538 33 -0.2566309692085652
540 33 -0.3341279730652254
649 33  0.187002322290565
650 33  0.2141258565358317
717 33  0.3446954629633303
718 33 -0.17748145713054
719 33 -0.2575270473848074
25 34 -2.559114186487534
32 34 -3.096657892887967
34 34  6.852530177864764
35 34 -0.2894860714177349
36 34 -0.8096987457718661
283 34 -0.2003702087785965
539 34  0.3382936217473715
540 34 -0.1971202309863633
541 34  0.06393204708535563
542 34  0.1596485040871805
543 34 -0.1916788884487839
544 34  0.1109340633404288
651 34 -0.2417493303072665
1506 34 -0.7745063649561055
1607 34 -0.9013945788768378
1608 34  1.607941925445287
32 35 -0.3797859938029174
33 35 -1.124941768916831
34 35 -0.2894860714177349
35 35  3.549244587340989
36 35 -0.3033971653696522
109 35 -0.5320605823965837
112 35 -0.4222833899823445
133 35 -0.6766204738684096
536 35 -0.1674613063985588
539 35  0.1829327352544095
540 35  0.1835353379285684
541 35 -0.1455329293990618
542 35 -0.1379757454016061
650 35  0.06348483089480607
651 35  0.1746344377727874
709 35 -0.141986205898802
717 35 -0.2735526884104485
719 35  0.3114285243489425
720 35  0.1346080969174101
784 35 -0.1818441605261914
785 35  0.1264798707162896
786 35 -0.1735835124019162
24 36 -1.012510206589923
25 36 -0.7445993718590033
34 36 -0.8096987457718661
35 36 -0.3033971653696522
36 36  3.768833780237122
109 36 -1.035649952524286
524 36 -0.3137886049706358
539 36 -0.237556458189866
542 36  0.1584318224459705
543 36  0.2569221560183034
544 36 -0.1946550789249744
643 36  0.3074959173640309
651 36  0.3376479863819429
709 36  0.1912126558062059
710 36 -0.334546769680682
720 36 -0.2054190417196976
37 37  7.03571141019507
38 37 -0.1882873678501471
39 37 -2.854855887287401
40 37 -0.8603081240942492
41 37 -3.00794256218508
278 37 -0.2041802958868842
545 37  0.2284562855231794
546 37 -0.1459154667093715
547 37  0.05950692044735839
548 37  0.1927943130863146
549 37 -0.3345038161816609
550 37  0.1968229751259681
652 37 -0.1479520738701639
1500 37 -0.8670846962553551
1502 37 -0.8670846962553551
1604 37  1.664994548311913
37 38 -0.1882873678501471
38 38  3.703020378879833
39 38 -0.9990097395574831
40 38 -0.7718710721361278
51 38 -0.8843550064471913
52 38 -0.2764629562521006
113 38 -0.6878407742484957
545 38  0.3293796141814309
546 38  0.06851204620599218
547 38 -0.1984516985934295
548 38 -0.1963391706443574
566 38 -0.2433692194027086
568 38  0.3543357661157605
569 38 -0.2056980754050237
652 38  0.1588704659189935
662 38  0.1375999887631147
721 38 -0.2221125059344756
722 38  0.1821486938542619
734 38 -0.1910775394624871
37 39 -2.854855887287401
38 39 -0.9990097395574831
39 39  6.732044727094253
52 39 -2.438867990263428
278 39 -0.2344582762010928
366 39 -0.2921251394746958
545 39 -0.2854082203325599
546 39  0.2134395824378762
547 39  0.1656663407372135
568 39 -0.2636690898977773
569 39  0.1147697899513635
1396 39 -0.2142897176055531
1499 39  0.7800938892991884
1500 39  0.9671362297494479
1603 39 -0.6658055178396394
1604 39 -0.8337513629220217
37 40 -0.8603081240942492
38 40 -0.7718710721361278
40 40  3.801899433394202
41 40 -0.0117048284832753
43 40 -0.5665046677223316
113 40 -0.671464269450431
114 40 -1.030651731487362
545 40 -0.2823606760207015
548 40  0.1605362485701856
549 40  0.3286514019400232
550 40 -0.1678371495149942
552 40 -0.1678371495149942
652 40  0.1851904787580242
653 40  0.1356932148782805
721 40  0.288235449590867
722 40 -0.1624110133971622
723 40 -0.1591249862152644
724 40  0.1653061753947013
787 40 -0.3516933094638587
37 41 -3.00794256218508
40 41 -0.0117048284832753
41 41  7.17274371937393
42 41 -3.024422780646339
43 41 -1.011704828483275
278 41 -0.1697420909110451
279 41 -0.06131419017227988
548 41 -0.1678371495149942
549 41  0.3286514019400232
550 41 -0.003177024874031874
551 41 -0.3345038161816609
552 41  0.1619847352733565
553 41  0.08723736023337382
653 41 -0.1678371495149942
1397 41 -0.1488475985479546
1501 41  0.8888994700045449
1502 41  0.9235157118304644
1604 41 -0.8337513629220217
1605 41 -0.7628564681029467
41 42 -3.024422780646339
42 42  9.04892643484814
43 42 -0.04656343022040039
44 42 -4.837125761356067
45 42 -0.633924979531749
93 42 -0.3303281293976869
279 42 -0.2515919121647048
551 42  0.299765432509541
552 42 -0.1678371495149942
553 42  0.1175771660586165
554 42 -0.1669458644103044
555 42  0.1340843291749547
556 42 -0.03835907647225127
654 42 -0.1506709388279364
655 42  0.2177197486666383
656 42 -0.1795922179157985
1501 42 -0.959862940594856
1605 42  2.28302019306292
1699 42 -1.407656321353732
40 43 -0.5665046677223314
41 43 -1.011704828483275
42 43 -0.04656343022040039
43 43  3.953596549359947
93 43 -1.06418065264718
114 43 -1.055658475623944
115 43 -0.3303281293976869
549 43 -0.3345038161816609
551 43  0.3371217543486215
552 43  0.1619847352733565
553 43 -0.1678371495149942
653 43  0.3214855646050565
654 43  0.1444426814698633
655 43 -0.1880272606670169
723 43 -0.01420834066447354
724 43 -0.1782506692753738
725 43 -0.3144640422762123
726 43  0.3629943335963956
788 43 -0.16107369939728
29 44 -3.826171598232421
42 44 -4.837125761356067
44 44  9.882197523489955
45 44 -1.083705598095583
279 44 -0.1544929592946914
554 44  0.2998510940951003
555 44 -0.3336125310769711
556 44  0.2240013700987216
557 44 -0.3282898788647261
558 44  0.1851934435584216
1605 44 -1.503350101258038
1606 44 -1.132994648552824
1699 44  2.584376653628114
29 45 -0.5628088775417786
30 45 -0.6880326138099233
42 45 -0.633924979531749
44 45 -1.083705598095583
45 45  4.043787690671034
93 45 -1.130081332944023
533 45 -0.2975875543251733
554 45  0.004152169363917462
555 45  0.3563065513971769
556 45 -0.1669458644103044
557 45  0.3077531613120557
558 45 -0.1992576208002099
648 45  0.3603712364234228
655 45 -0.4018144401380207
656 45  0.3175205880187045
716 45 -0.2941896546545746
46 46  6.369015383046589
47 46 -0.1746113295278301
48 46 -2.739241813772717
49 46 -2.442901587037426
50 46 -0.7511807780690556
366 46 -0.3418477933347688
559 46  0.219402101185501
560 46 -0.1508947489324244
561 46  0.1374062339096619
562 46 -0.3137886049706358
563 46  0.1898054665501555
564 46  0.142204353743382
658 46 -0.1295031061987309
1602 46 -0.9014370446213392
1697 46  1.431494708336989
1698 46 -0.6448813386763611
46 47 -0.1746113295278301
47 47  3.932626231510541
48 47 -0.9184366377104317
50 47 -1.308411114248123
57 47 -1.007376252062328
116 47 -0.6301008080392834
559 47  0.3535561415895413
560 47  0.1702496499819929
561 47 -0.1912987893364648
563 47 -0.2232531061987309
578 47 -0.2877452056553122
657 47  0.2225028808691161
658 47  0.1425085701737668
727 47 -0.2733417366709575
728 47  0.418514504219848
729 47 -0.3582703864921635
46 48 -2.739241813772718
47 48 -0.9184366377104317
48 48  6.589233381055398
57 48 -0.03856278428224189
58 48 -2.502817460585028
366 48 -0.0278686953182903
398 48 -0.454349201574961
559 48 -0.2872583852960608
560 48  0.1441162226857749
561 48  0.09235041253805104
576 48 -0.08691087279582044
578 48  0.2376756614809016
579 48  0.03412433851731156
657 48 -0.1656521823994983
1497 48 -0.1737484196801782
1601 48  0.8028069349511139
1602 48  0.8822694497723703
1696 48 -0.7827663759349417
1697 48 -0.7200175868860921
46 49 -2.442901587037426
49 49  5.961060875607582
50 49 -0.07955271637302476
51 49 -0.0795527163730247
52 49 -2.391475462286779
94 49 -0.8878860497063582
366 49 -0.1961270072491348
562 49  0.3073455801174567
563 49 -0.1790663827484136
564 49  0.05134178064396679
565 49  0.3073455801174567
566 49 -0.1790663827484136
567 49  0.02865487538808554
659 49 -0.1582330494150803
660 49  0.01706780233967894
661 49 -0.1582330494150803
1603 49 -0.6489079501503071
1697 49 -0.6887409877991682
1698 49  1.271383517815277
46 50 -0.7511807780690556
47 50 -1.308411114248123
49 50 -0.07955271637302476
50 50  3.92303685061383
94 50 -1.012080671599711
116 50 -0.04065210017113929
117 50 -0.01208067159971066
134 50 -0.8878860497063582
559 50 -0.2961697728653975
562 50  0.3073455801174567
563 50  0.2009165776612666
564 50 -0.1582330494150803
658 50  0.09479031620551288
659 50 -0.004832268639884337
660 50 -0.1790663827484136
728 50 -0.2376354658572429
729 50  0.3790963027886872
730 50 -0.1566830849048619
731 50  0.3076677313601157
790 50 -0.1582330494150803
791 50  0.01706780233967894
792 50 -0.1582330494150803
38 51 -0.8843550064471915
49 51 -0.0795527163730247
51 51  3.663329757199046
52 51 -0.6816224552000558
94 51 -0.7611679097455104
113 51 -0.6760858819960361
118 51 -0.6956611648140268
565 51  0.3073455801174567
566 51  0.2036136441826039
567 51 -0.1582330494150803
568 51 -0.2755661890996783
660 51 -0.1790663827484136
661 51  0.1524772805462402
662 51  0.1727731489362749
722 51 -0.1940537299386776
732 51 -0.2301116436451329
733 51  0.2050688674077226
734 51  0.1759942186301569
794 51 -0.2090205893176724
38 52 -0.2764629562521005
39 52 -2.438867990263428
49 52 -2.391475462286779
51 52 -0.6816224552000558
52 52  6.047693671023888
366 52 -0.3368112132901445
546 52 -0.1459154667093715
565 52 -0.3137886049706358
566 52  0.2076540482230079
567 52  0.1653016549621169
568 52  0.1752349756019266
569 52  0.1293226438561647
662 52 -0.1240510375845269
1499 52 -0.7981119949328462
1603 52  1.335799687489126
1698 52 -0.6508325075021162
53 53  7.078558921106104
54 53 -0.2509664452483432
55 53 -3.109557220454866
65 53 -2.828392034920355
67 53 -0.1239160421336892
95 53 -0.4171918503301278
447 53 -0.04873455996994483
459 53 -0.4419615092735644
570 53  0.1341813231352306
571 53 -0.109923306297566
572 53  0.006019037673331874
591 53 -0.1880272606670169
592 53  0.2600268634294597
593 53  0.001216729768464186
663 53 -0.110490708528384
664 53  0.08497511171980066
674 53 -0.1166410052309853
1837 53 -0.9344894182822888
1864 53 -0.1726190370779691
1883 53  1.087782199833351
1896 53  0.7805796834349033
1899 53 -0.7581303982165281
53 54 -0.2509664452483432
54 54  4.075471307767388
55 54 -1.441178162194605
56 54 -0.2791104934775678
95 54 -1.308431783562385
96 54 -0.6899288649918812
119 54 -0.2338569853757625
570 54  0.4641476531015605
571 54  0.01528203813277084
572 54 -0.2580714544457142
573 54  0.3384355474255598
574 54 -0.2398512042007009
663 54  0.03342566249106879
664 54 -0.2923088903465658
665 54  0.1824700124448059
666 54 -0.1945992836495175
735 54 -0.1796517781108113
736 54  0.3204628080905913
737 54 -0.221741467703837
53 55 -3.109557220454866
54 55 -1.441178162194605
55 55  8.115836964832607
56 55 -3.385496168780277
447 55 -0.2340489734122238
570 55 -0.3342031416885125
571 55  0.2032558306387271
572 55  0.2753632507466818
573 55 -0.3516933094638587
574 55  0.2730644751205447
1775 55 -1.051624845829168
1837 55  1.951780646437937
1883 55 -0.9795537959646923
54 56 -0.2791104934775678
55 56 -3.385496168780276
56 56  7.430869799041133
57 56 -0.3915926269275197
58 56 -2.719087301854869
96 56 -0.5347424734037972
398 56 -0.2424861391420233
447 56 -0.01114226957202667
571 56 -0.1170441866568413
573 56  0.20552751978069
574 56 -0.01143127345334405
575 56  0.1454264412924841
576 56 -0.08691087279582049
577 56 -0.03796560857263555
665 56 -0.1844982735485075
666 56  0.1942090712445417
667 56 -0.1915663827484136
1694 56 -0.1411629506588951
1696 56 -0.7827663759349418
1775 56  1.136351241834145
1776 56  0.8404129517505982
1837 56 -1.001778220062296
47 57 -1.007376252062328
48 57 -0.03856278428224188
56 57 -0.3915926269275198
57 57  4.278371653795049
58 57 -1.952442061291539
96 57 -0.6684384923789682
116 57 -0.3397996991215833
560 57 -0.1734041203839944
575 57  0.4057439016099444
576 57 -0.002405395945186919
577 57 -0.3250061108910586
578 57  0.4835228375606359
579 57 -0.3250061108910586
657 57  0.06381928795253836
666 57 -0.2137886049706358
667 57  0.1732670966870895
727 57  0.2981814813243573
728 57 -0.2289992290256976
738 57 -0.1858850985942163
48 58 -2.502817460585028
56 58 -2.719087301854869
57 58 -1.952442061291539
58 58  7.372429791359523
398 58 -0.2364956681813255
575 58 -0.3815537299386776
576 58  0.1702136516738607
577 58  0.3973467642397374
578 58 -0.4410775394624871
579 58  0.3252568171497903
1601 58 -0.7197321879007537
1696 58  1.563378940704678
1776 58 -0.9234358916044574
59 59  11.8910513391953
60 59 -1.065614128679037
61 59 -4.523423964343666
62 59 -6.148680895057753
414 59 -0.1722790481906764
459 59 -0.03584969524691814
580 59  0.2800043485283854
581 59 -0.3024269613255028
582 59  0.1534223463219818
583 59 -0.3336125310769711
584 59  0.1006902436029152
1743 59 -1.359582672307562
1745 59 -0.1626723073749668
1809 59  1.46225755655851
1810 59  1.965482738309215
1863 59 -1.817261859316693
59 60 -1.065614128679037
60 60  4.214088766731782
61 60 -0.9269986438502367
62 60 -0.602617019363958
73 60 -0.3608805352121948
97 60 -1.230397288146604
120 60 -0.1139176845123512
580 60  0.01958768186171871
581 60  0.2559862567456196
582 60 -0.2086769613255029
583 60  0.3375246208258453
584 60 -0.1669458644103044
603 60 -0.3582703864921635
668 60  0.3549024443002153
669 60  0.1575259586909381
670 60 -0.3726251585101062
739 60 -0.1200754928070043
740 60  0.2762914087185037
741 60 -0.1968086408559093
59 61 -4.523423964343666
60 61 -0.9269986438502367
61 61  9.198415071973496
73 61 -0.03984672206449189
74 61 -3.36773846359679
414 61 -0.4046074186196325
580 61 -0.1357602946588362
581 61  0.1322759392853022
582 61  0.07380451192707731
601 61 -0.1804926087143857
603 61  0.4716803587932508
604 61  0.06560302725969683
668 61 -0.3074767356985127
1659 61 -1.009687244115393
1743 61  2.320634515375795
1809 61 -1.446631504579323
59 62 -6.148680895057753
60 62 -0.6026170193639581
62 62  10.29439073240462
63 62 -3.015683968189912
64 62 -0.1245254802333876
97 62 -0.369456677166404
459 62 -0.1120469361373549
580 62 -0.1669458644103044
583 62  0.1470484303496548
584 62  0.08172005390101815
585 62 -0.1808433526210399
586 62  0.2938679688261852
587 62 -0.03079287525102479
669 62 -0.1821489680339157
670 62  0.2143889219084795
671 62 -0.1578548468739135
1810 62 -1.964958336281463
1863 62  2.722610402942423
1895 62 -0.7957465953921359
62 63 -3.015683968189912
63 63  6.872297170407544
64 63 -0.4744507377780864
65 63 -2.309916631407556
66 63 -0.9105199768530015
459 63 -0.2293776171373689
585 63  0.3187820903626951
586 63 -0.3000962261842582
587 63  0.2185497153584324
588 63 -0.1591249862152644
589 63  0.03324191818411814
590 63  0.1286665936553983
672 63 -0.1794849092107726
1863 63 -0.9258363124383746
1895 63  1.589270347209925
1899 63 -0.7408811709614939
62 64 -0.1245254802333876
63 64 -0.4744507377780864
64 64  3.611995698461804
66 64 -0.862807361504926
67 64 -0.4072212247224268
97 64 -0.7738774165754493
121 64 -0.275088660826142
122 64 -0.04656343022040039
136 64 -0.810684682881522
585 64  0.1548015806175677
586 64  0.2938679688261852
587 64 -0.1578548468739135
589 64 -0.15774577877599
670 64 -0.1808433526210399
671 64  0.05304365069530381
672 64  0.008718414288476754
673 64 -0.1404507254713876
742 64 -0.1329943678681458
743 64  0.1898019340435269
744 64  0.1528326817832576
746 64 -0.1506709388279364
801 64 -0.1509664537279768
802 64  0.04572612684739119
803 64  0.299765432509541
868 64 -0.1678371495149942
53 65 -2.828392034920355
63 65 -2.309916631407556
65 65  6.733768609836139
66 65 -1.055658475623944
67 65 -0.3303281293976869
459 65 -0.2737348411293754
588 65 -0.01420834066447354
589 65 -0.1782506692753738
590 65  0.2026577011461494
591 65  0.3629943335963955
592 65 -0.3144640422762123
593 65  0.1785009690047782
673 65 -0.16107369939728
1895 65 -0.7957465953921358
1896 65 -0.8089778558436467
1899 65  1.512502823441104
63 66 -0.9105199768530013
64 66 -0.862807361504926
65 66 -1.055658475623944
66 66  4.024914122979958
67 66 -1.248761112794155
585 66 -0.302673315007874
588 66  0.3467509793112398
589 66  0.2957745862763016
590 66 -0.2984692485103465
591 66 -0.4018144401380207
672 66  0.3633233698751995
673 66  0.3340280120707094
744 66 -0.3501281448262263
53 67 -0.1239160421336892
64 67 -0.4072212247224268
65 67 -0.3303281293976869
66 67 -1.248761112794155
67 67  4.029238302270293
95 67 -1.151285158042674
122 67 -0.8869225949634745
588 67 -0.1795922179157985
591 67  0.2177197486666383
592 67  0.3537246726445104
593 67 -0.1506709388279365
664 67 -0.2476951362851164
672 67 -0.1995905104176242
673 67 -0.03873184456011494
674 67  0.1378620051589987
744 67  0.37576557017777
745 67 -0.2768923796539028
746 67  0.2927660833428349
803 67 -0.3144640422762123
68 68  6.424154984299376
69 68 -1.0069878473512
70 68 -2.38297707838965
71 68 -2.79783197718357
72 68 -0.08239816775677691
383 68 -0.2380567284875308
594 68  0.1328966849588911
595 68 -0.2928693646392601
596 68  0.2051425019774732
597 68 -0.1804926087143857
598 68  0.3288167137298738
599 68  0.04462712976149265
676 68 -0.1788112236989044
1559 68 -0.7087260510386699
1658 68  1.427098737176416
1742 68 -0.7987067232302647
68 69 -1.0069878473512
69 69  3.987606101529409
70 69 -0.1286222322685736
72 69 -0.9543464864888975
82 69 -1.382542982766682
123 69 -0.6306514650210667
594 69  0.1637816804665281
595 69  0.4002517873646794
596 69 -0.1916788884487839
598 69 -0.3108866953970175
615 69 -0.2544537212702369
675 69  0.090108478214487
676 69  0.2873868449131816
747 69 -0.299265759636841
748 69  0.3838217458053597
749 69 -0.2979517001031092
68 70 -2.38297707838965
69 70 -0.1286222322685736
70 70  6.56448615256266
80 70 -3.04956824014645
82 70 -0.5339390682180599
336 70 -0.2159036035119376
383 70 -0.3713219226997064
594 70 -0.1500122217821172
595 70  0.2157279778408698
596 70  0.02061869245366369
614 70 -0.2249083852484198
615 70  0.1554898936579962
616 70  0.08359793368243923
675 70 -0.1115965784130941
1451 70 -0.1827158558512075
1559 70  0.7233422398600918
1560 70  0.9854571136034351
1657 70 -0.8774029235995836
1658 70 -0.6670593843720033
68 71 -2.797831977183569
71 71  6.623018465595349
72 71 -0.9454140049330442
73 71 -0.07955271637302473
74 71 -2.650984738379862
383 71 -0.2380567284875308
597 71  0.174532810725195
598 71 -0.313825942047719
599 71  0.1415021297614927
600 71  0.3073455801174567
601 71 -0.1582330494150803
602 71  0.0858734657591662
677 71 -0.1790663827484136
1658 71 -0.7622483898969314
1660 71 -0.8135437593720032
1742 71  1.495458112176416
68 72 -0.08239816775677691
69 72 -0.9543464864888975
71 72 -0.9454140049330442
72 72  3.698952992958933
73 72 -0.7620269797259343
123 72 -0.07587817569061008
124 72 -0.1753050802215808
137 72 -0.8680959993932614
594 72 -0.1583709721265773
597 72  0.1521121758045601
598 72  0.284566938348023
599 72 -0.1566830849048619
600 72 -0.3137886049706358
676 72  0.02857190904431615
677 72  0.2003174132378314
748 72 -0.191652487504684
749 72  0.3308035853668006
750 72 -0.1437449961027562
751 72  0.2190263195597193
805 72 -0.1678801030140154
806 72  0.01210225958335472
807 72 -0.1365083276338677
60 73 -0.3608805352121948
61 73 -0.03984672206449189
71 73 -0.07955271637302473
72 73 -0.7620269797259343
73 73  3.717737911233962
74 73 -1.012080671599711
120 73 -0.895819941793058
124 73 -0.7255992208635413
581 73 -0.09319102141279841
597 73 -0.1582330494150803
600 73  0.3073455801174567
601 73 -0.004832268639884337
602 73 -0.1790663827484136
603 73  0.2335851206980127
604 73 -0.1566830849048619
668 73  0.2217071371918646
677 73  0.1729669858874041
739 73  0.1131580713035425
740 73 -0.2519595507780187
750 73  0.1900463813063247
751 73 -0.2719501243078843
799 73 -0.1624110133971622
61 74 -3.367738463596789
71 74 -2.650984738379862
73 74 -1.012080671599711
74 74  7.185461339921143
383 74 -0.1904213397587442
414 74 -0.05989970512037907
600 74 -0.3137886049706358
601 74  0.3314772551696396
602 74  0.1268456879813884
603 74 -0.3582703864921635
604 74  0.1177769403031751
1561 74 -0.1607780917735922
1659 74  1.022262466912642
1660 74  0.7936026436557242
1742 74 -0.6989604260386699
1743 74 -0.8840833793810937
75 75  6.707148936786604
76 75 -0.5357240559367418
77 75 -2.169692421791247
78 75 -1.054247886075301
79 75 -2.720901515312471
334 75 -0.2913507979806581
605 75  0.2625609198223801
606 75 -0.180952562648965
607 75  0.06847688406008298
608 75  0.08759046305621833
609 75 -0.1782506692753737
610 75  0.2851274665946421
679 75 -0.2627316167609199
1558 75 -1.015142801084304
1655 75 -0.6126716728930985
1656 75  1.529801654051884
75 76 -0.5357240559367418
76 76  3.699815257995473
77 76 -0.7861936126036598
78 76 -0.5451053154611391
86 76 -0.9782564255685349
125 76 -0.9614900609881694
605 76  0.1608507488052784
606 76  0.2551750862494009
607 76 -0.2156060279954997
608 76 -0.1263679803972835
625 76 -0.304597387220917
678 76  0.3099552914078061
679 76  0.2174124192700898
752 76 -0.3344501243078843
753 76  0.2863130665138232
754 76 -0.2754236454655071
75 77 -2.169692421791247
76 77 -0.7861936126036598
77 77  6.263655228429647
86 77 -0.0733281605964508
87 77 -2.744252311099296
334 77 -0.5691157767904366
605 77 -0.1875532227149716
606 77  0.0871851740506339
607 77  0.1873963847057998
623 77 -0.1525782506159261
625 77  0.2898606549533389
626 77  0.1112035819710222
678 77 -0.164660280302678
1555 77 -0.8752036708346442
1655 77  1.409608378647373
1656 77 -0.7249905134728086
75 78 -1.054247886075301
76 78 -0.5451053154611391
78 78  3.957010507280904
79 78 -1.042606097425943
98 78 -1.195402128345925
125 78 -0.2094218929268909
605 78 -0.2454155994449026
608 78  0.1904930249751737
609 78  0.3419739544722458
610 78 -0.2984692485103465
679 78  0.2197933716510422
680 78  0.2349110440864665
681 78 -0.3928870722284583
753 78 -0.1587569787988404
754 78  0.3288396801435632
755 78 -0.2429253795845175
75 79 -2.720901515312471
78 79 -1.042606097425943
79 79  7.226048497953071
80 79 -2.791490641797382
81 79 -0.4304376192162208
98 79 -0.1375450526621374
334 79 -0.0194714655273678
336 79 -0.1969626623567722
608 79 -0.1591249862152645
609 79 -0.01060560194048321
610 79  0.05246011686786613
611 79 -0.1094366000320286
612 79  0.1450954837144779
613 79  0.03439801358775433
680 79 -0.1796517781108113
681 79  0.3129558351442954
682 79 -0.1818441605261914
1450 79 -0.1445690119736233
1557 79  0.9333534510923111
1558 79  0.9372466489732946
1656 79 -0.8016011344176374
1657 79 -0.8570179152502654
70 80 -3.04956824014645
79 80 -2.791490641797382
80 80  7.52760160039768
81 80 -1.54283598453248
82 80 -0.0616518137418191
336 80 -0.1499061080976706
611 80  0.02151294918217725
612 80 -0.3147506096938643
613 80  0.2567066565232931
614 80  0.4189065259652607
615 80 -0.2190604320320455
616 80  0.09362299633908083
683 80 -0.2228020944590083
1557 80 -0.8740125485239685
1560 80 -0.8932759394725995
1657 80  1.716189699192144
79 81 -0.4304376192162208
80 81 -1.54283598453248
81 81  4.035495386232836
82 81 -1.020654064984727
98 81 -0.6766204738684096
126 81 -0.4579415690118837
611 81  0.2207883115010178
612 81  0.3413515223618208
613 81 -0.2640259720127049
614 81 -0.4728020944590083
681 81 -0.223510827192858
682 81  0.2274685712812613
683 81  0.3028494851172204
756 81 -0.2329055463002212
757 81  0.2496074276369288
758 81 -0.1720694592786778
69 82 -1.382542982766682
70 82 -0.5339390682180599
80 82 -0.0616518137418191
81 82 -1.020654064984727
82 82  4.008850318360134
123 82 -0.1266092940250261
126 82 -0.9949174245838175
595 82 -0.3343856940593525
611 82 -0.139468761125675
614 82  0.2697837189477168
615 82  0.3066415824036698
616 82 -0.153270958347835
675 82  0.1261808018807956
683 82  0.08062726289499814
747 82  0.405333434572772
748 82 -0.255406110514034
757 82 -0.2831805703897889
758 82  0.1440011610880922
804 82 -0.1947219498413588
7 83 -0.3525333328128469
8 83 -2.59481471344902
83 83  6.987373675303218
84 83 -3.033601949234892
85 83 -0.9343901883861814
331 83 -0.1487821898499329
499 83 -0.1283637422463572
617 83  0.1944986494456673
618 83  0.07379322086754227
619 83 -0.3259789240165995
620 83  0.1979610963626992
621 83  0.2058417208274818
684 83 -0.186151638913162
1554 83 -0.812200399062429
1653 83  1.65447158098336
1654 83 -0.8930587388556165
83 84 -3.033601949234892
84 84  7.412847614592478
85 84 -0.07332816059645077
86 84 -0.04082032735818181
87 84 -3.246205864493674
99 84 -0.9283153406126553
331 84 -0.1972540552228321
619 84  0.2898606549533389
620 84 -0.1525782506159261
621 84  0.003827478105274503
622 84  0.3097721576570159
623 84 -0.1525782506159261
624 84  0.05449342965618181
685 84 -0.1646602803026779
686 84  0.02592229142789378
687 84 -0.173821745591641
1556 84 -0.9859790928379173
1653 84 -0.8644451695340825
1654 84  1.783517256966914
7 85 -0.5133526045661435
83 85 -0.9343901883861814
84 85 -0.07332816059645077
85 85  3.905618955879214
99 85 -0.9782564255685351
103 85 -1.217493512194601
127 85 -0.3295078143767782
139 85 -0.01499668414235138
617 85 -0.2417071944687176
619 85  0.3297088221599966
620 85  0.1121025105041133
621 85 -0.184564782602458
