% Matlab m-File from Ansoft
f = zeros(1,1);
% S = zeros(1,4);

s1 = [-2 -1 0 1 2];
s2 = -2;

f = [10000000000 ];


S_HFSS{1} = [
   1.079943E-001 +    9.502730E-001i,   -2.902251E-001 +    3.298368E-002i,   -2.902251E-001 +    3.298368E-002i,    1.080000E-001 +    9.502723E-001i;
];

S_HFSS{2} = [
   3.422175E-001 +    7.411426E-001i,    5.243810E-001 +   -2.421143E-001i,    5.243810E-001 +   -2.421143E-001i,    3.421824E-001 +    7.411588E-001i;
];

S_HFSS{3} = [
   2.569266E-001 +    1.326973E-001i,   -4.391435E-001 +    8.506075E-001i,   -4.391435E-001 +    8.506075E-001i,    2.569704E-001 +    1.326125E-001i;
];

S_HFSS{4} = [
  -2.925842E-001 +    3.404325E-002i,    1.103606E-001 +    9.492397E-001i,    1.103606E-001 +    9.492397E-001i,   -2.925904E-001 +    3.399034E-002i;
];

S_HFSS{5} = [
  -5.179617E-001 +    2.311903E-001i,   -3.357094E-001 +   -7.520412E-001i,   -3.357094E-001 +   -7.520412E-001i,   -5.179419E-001 +    2.312347E-001i;
];