% Matlab m-File exported from HFSS11.1.3 % Note: In three-dimensional arrays, like S(i,j,k), the first index corresponds to the frequency.
%       So, S(N,j,k) is an S(j,k) matrix for frequency N.




f = [8000000000 8500000000 9000000000 9500000000 10000000000 10500000000 11000000000 11500000000 12000000000 ];


% Scatter Matrix S mit size(s)=[m,n,H,N]

S(:,:,1,1) = [   -2.931305E-001 +    5.814622E-001i,   -1.732196E-002 +    2.212328E-002i,   -6.776392E-001 -    3.417328E-001i,    1.733698E-002 -    2.213518E-002i;  -1.732196E-002 +    2.212328E-002i,   -4.339227E-003 +    7.894441E-004i,   -1.732549E-002 +    2.211845E-002i,   -3.914943E-003 -    7.900757E-004i;  -6.776392E-001 -    3.417328E-001i,   -1.732549E-002 +    2.211845E-002i,   -2.932904E-001 +    5.813816E-001i,    1.733819E-002 -    2.214194E-002i;   1.733698E-002 -    2.213518E-002i,   -3.914943E-003 -    7.900757E-004i,    1.733819E-002 -    2.214194E-002i,   -4.395021E-003 +    7.907079E-004i];
S(:,:,1,2) = [   -8.432740E-002 +    6.220577E-001i,   -1.439044E-002 +    2.596906E-002i,   -7.713446E-001 -    1.046930E-001i,    1.461319E-002 -    2.545951E-002i;  -1.439044E-002 +    2.596906E-002i,   -5.043963E-003 +    8.709833E-004i,   -1.460401E-002 +    2.544037E-002i,   -4.567878E-003 -    8.715259E-004i;  -7.713446E-001 -    1.046930E-001i,   -1.460401E-002 +    2.544037E-002i,   -8.453000E-002 +    6.220302E-001i,    1.440480E-002 -    2.599153E-002i;   1.461319E-002 -    2.545951E-002i,   -4.567878E-003 -    8.715259E-004i,    1.440480E-002 -    2.599153E-002i,   -5.097101E-003 +    8.723949E-004i];
S(:,:,1,3) = [    1.127963E-001 +    6.038657E-001i,   -1.066475E-002 +    2.982674E-002i,   -7.756763E-001 +    1.447397E-001i,    1.146669E-002 -    2.854864E-002i;  -1.066475E-002 +    2.982674E-002i,   -5.931062E-003 +    9.742543E-004i,   -1.146009E-002 +    2.852724E-002i,   -5.455110E-003 -    9.738950E-004i;  -7.756763E-001 +    1.447397E-001i,   -1.146009E-002 +    2.852724E-002i,    1.125718E-001 +    6.039076E-001i,    1.067654E-002 -    2.985335E-002i;   1.146669E-002 -    2.854864E-002i,   -5.455110E-003 -    9.738950E-004i,    1.067654E-002 -    2.985335E-002i,   -5.981433E-003 +    9.758604E-004i];
S(:,:,1,4) = [    2.884272E-001 +    5.334957E-001i,   -5.986964E-003 +    3.364734E-002i,   -6.995094E-001 +    3.779930E-001i,    7.990547E-003 -    3.133801E-002i;  -5.986964E-003 +    3.364734E-002i,   -7.092646E-003 +    1.106184E-003i,   -7.986746E-003 +    3.131441E-002i,   -6.664852E-003 -    1.102392E-003i;  -6.995094E-001 +    3.779930E-001i,   -7.986746E-003 +    3.131441E-002i,    2.882062E-001 +    5.336151E-001i,    5.995327E-003 -    3.367846E-002i;   7.990547E-003 -    3.133801E-002i,   -6.664852E-003 -    1.102392E-003i,    5.995327E-003 -    3.367846E-002i,   -7.140177E-003 +    1.108051E-003i];
S(:,:,1,5) = [    4.326126E-001 +    4.186862E-001i,   -7.778924E-005 +    3.736874E-002i,   -5.554200E-001 +    5.736348E-001i,    4.309877E-003 -    3.378123E-002i;  -7.778927E-005 +    3.736874E-002i,   -8.669175E-003 +    1.277211E-003i,   -4.309113E-003 +    3.375537E-002i,   -8.346427E-003 -    1.262830E-003i;  -5.554200E-001 +    5.736348E-001i,   -4.309113E-003 +    3.375537E-002i,    4.324232E-001 +    4.188818E-001i,    8.160225E-005 -    3.740477E-002i;   4.309877E-003 -    3.378123E-002i,   -8.346427E-003 -    1.262830E-003i,    8.160225E-005 -    3.740477E-002i,   -8.713829E-003 +    1.279435E-003i];
S(:,:,1,6) = [    5.364374E-001 +    2.686251E-001i,    7.524318E-003 +    4.087301E-002i,   -3.583991E-001 +    7.152800E-001i,    6.408057E-004 -    3.585572E-002i;   7.524318E-003 +    4.087301E-002i,   -1.089524E-002 +    1.505615E-003i,   -6.433992E-004 +    3.582733E-002i,   -1.075582E-002 -    1.460860E-003i;  -3.583991E-001 +    7.152800E-001i,   -6.433993E-004 +    3.582733E-002i,    5.363070E-001 +    2.688855E-001i,   -7.526580E-003 -    4.091439E-002i;   6.408057E-004 -    3.585572E-002i,   -1.075582E-002 -    1.460860E-003i,   -7.526580E-003 -    4.091439E-002i,   -1.093703E-002 +    1.508340E-003i];
S(:,:,1,7) = [    5.925301E-001 +    9.359131E-002i,    1.761175E-002 +    4.390469E-002i,   -1.250308E-001 +    7.902633E-001i,   -2.610794E-003 -    3.759581E-002i;   1.761175E-002 +    4.390469E-002i,   -1.419490E-002 +    1.827829E-003i,    2.604319E-003 +    3.756434E-002i,   -1.435681E-002 -    1.696764E-003i;  -1.250308E-001 +    7.902633E-001i,    2.604319E-003 +    3.756434E-002i,    5.924822E-001 +    9.389432E-002i,   -1.762220E-002 -    4.395182E-002i;  -2.610794E-003 -    3.759581E-002i,   -1.435681E-002 -    1.696764E-003i,   -1.762220E-002 -    4.395182E-002i,   -1.423393E-002 +    1.831283E-003i];
S(:,:,1,8) = [    5.948300E-001 -    9.599823E-002i,    3.165326E-002 +    4.586264E-002i,    1.269501E-001 +    7.879374E-001i,   -4.626492E-003 -    3.918965E-002i;   3.165326E-002 +    4.586264E-002i,   -1.940960E-002 +    2.329836E-003i,    4.615241E-003 +    3.915433E-002i,   -2.006406E-002 -    1.943885E-003i;   1.269501E-001 +    7.879374E-001i,    4.615241E-003 +    3.915433E-002i,    5.948806E-001 -    9.568436E-002i,   -3.167488E-002 -    4.591568E-002i;  -4.626492E-003 -    3.918965E-002i,   -2.006406E-002 -    1.943885E-003i,   -3.167488E-002 -    4.591568E-002i,   -1.944609E-002 +    2.334390E-003i];
S(:,:,1,9) = [    5.364837E-001 -    2.916748E-001i,    5.270856E-002 +    4.515119E-002i,    3.780673E-001 +    6.958277E-001i,   -3.580868E-003 -    4.127994E-002i;   5.270856E-002 +    4.515119E-002i,   -2.843307E-002 +    3.265139E-003i,    3.563594E-003 +    4.124022E-002i,   -2.991893E-002 -    2.052492E-003i;   3.780673E-001 +    6.958277E-001i,    3.563594E-003 +    4.124022E-002i,    5.366385E-001 -    2.913897E-001i,   -5.274543E-002 -    4.520925E-002i;  -3.580868E-003 -    4.127994E-002i,   -2.991893E-002 -    2.052492E-003i,   -5.274543E-002 -    4.520925E-002i,   -2.846749E-002 +    3.271406E-003i];


S(:,:,2,1) = [   -2.931305E-001 +    5.814622E-001i,   -1.732196E-002 +    2.212328E-002i,   -6.776392E-001 -    3.417328E-001i,    1.733698E-002 -    2.213518E-002i;  -1.732196E-002 +    2.212328E-002i,   -4.339227E-003 +    7.894441E-004i,   -1.732549E-002 +    2.211845E-002i,   -3.914943E-003 -    7.900757E-004i;  -6.776392E-001 -    3.417328E-001i,   -1.732549E-002 +    2.211845E-002i,   -2.932904E-001 +    5.813816E-001i,    1.733819E-002 -    2.214194E-002i;   1.733698E-002 -    2.213518E-002i,   -3.914943E-003 -    7.900757E-004i,    1.733819E-002 -    2.214194E-002i,   -4.395021E-003 +    7.907079E-004i];
S(:,:,2,2) = [   -8.432740E-002 +    6.220577E-001i,   -1.439044E-002 +    2.596906E-002i,   -7.713446E-001 -    1.046930E-001i,    1.461319E-002 -    2.545951E-002i;  -1.439044E-002 +    2.596906E-002i,   -5.043963E-003 +    8.709833E-004i,   -1.460401E-002 +    2.544037E-002i,   -4.567878E-003 -    8.715259E-004i;  -7.713446E-001 -    1.046930E-001i,   -1.460401E-002 +    2.544037E-002i,   -8.453000E-002 +    6.220302E-001i,    1.440480E-002 -    2.599153E-002i;   1.461319E-002 -    2.545951E-002i,   -4.567878E-003 -    8.715259E-004i,    1.440480E-002 -    2.599153E-002i,   -5.097101E-003 +    8.723949E-004i];
S(:,:,2,3) = [    1.127963E-001 +    6.038657E-001i,   -1.066475E-002 +    2.982674E-002i,   -7.756763E-001 +    1.447397E-001i,    1.146669E-002 -    2.854864E-002i;  -1.066475E-002 +    2.982674E-002i,   -5.931062E-003 +    9.742543E-004i,   -1.146009E-002 +    2.852724E-002i,   -5.455110E-003 -    9.738950E-004i;  -7.756763E-001 +    1.447397E-001i,   -1.146009E-002 +    2.852724E-002i,    1.125718E-001 +    6.039076E-001i,    1.067654E-002 -    2.985335E-002i;   1.146669E-002 -    2.854864E-002i,   -5.455110E-003 -    9.738950E-004i,    1.067654E-002 -    2.985335E-002i,   -5.981433E-003 +    9.758604E-004i];
S(:,:,2,4) = [    2.884272E-001 +    5.334957E-001i,   -5.986964E-003 +    3.364734E-002i,   -6.995094E-001 +    3.779930E-001i,    7.990547E-003 -    3.133801E-002i;  -5.986964E-003 +    3.364734E-002i,   -7.092646E-003 +    1.106184E-003i,   -7.986746E-003 +    3.131441E-002i,   -6.664852E-003 -    1.102392E-003i;  -6.995094E-001 +    3.779930E-001i,   -7.986746E-003 +    3.131441E-002i,    2.882062E-001 +    5.336151E-001i,    5.995327E-003 -    3.367846E-002i;   7.990547E-003 -    3.133801E-002i,   -6.664852E-003 -    1.102392E-003i,    5.995327E-003 -    3.367846E-002i,   -7.140177E-003 +    1.108051E-003i];
S(:,:,2,5) = [    4.326126E-001 +    4.186862E-001i,   -7.778924E-005 +    3.736874E-002i,   -5.554200E-001 +    5.736348E-001i,    4.309877E-003 -    3.378123E-002i;  -7.778927E-005 +    3.736874E-002i,   -8.669175E-003 +    1.277211E-003i,   -4.309113E-003 +    3.375537E-002i,   -8.346427E-003 -    1.262830E-003i;  -5.554200E-001 +    5.736348E-001i,   -4.309113E-003 +    3.375537E-002i,    4.324232E-001 +    4.188818E-001i,    8.160225E-005 -    3.740477E-002i;   4.309877E-003 -    3.378123E-002i,   -8.346427E-003 -    1.262830E-003i,    8.160225E-005 -    3.740477E-002i,   -8.713829E-003 +    1.279435E-003i];
S(:,:,2,6) = [    5.364374E-001 +    2.686251E-001i,    7.524318E-003 +    4.087301E-002i,   -3.583991E-001 +    7.152800E-001i,    6.408057E-004 -    3.585572E-002i;   7.524318E-003 +    4.087301E-002i,   -1.089524E-002 +    1.505615E-003i,   -6.433992E-004 +    3.582733E-002i,   -1.075582E-002 -    1.460860E-003i;  -3.583991E-001 +    7.152800E-001i,   -6.433993E-004 +    3.582733E-002i,    5.363070E-001 +    2.688855E-001i,   -7.526580E-003 -    4.091439E-002i;   6.408057E-004 -    3.585572E-002i,   -1.075582E-002 -    1.460860E-003i,   -7.526580E-003 -    4.091439E-002i,   -1.093703E-002 +    1.508340E-003i];
S(:,:,2,7) = [    5.925301E-001 +    9.359131E-002i,    1.761175E-002 +    4.390469E-002i,   -1.250308E-001 +    7.902633E-001i,   -2.610794E-003 -    3.759581E-002i;   1.761175E-002 +    4.390469E-002i,   -1.419490E-002 +    1.827829E-003i,    2.604319E-003 +    3.756434E-002i,   -1.435681E-002 -    1.696764E-003i;  -1.250308E-001 +    7.902633E-001i,    2.604319E-003 +    3.756434E-002i,    5.924822E-001 +    9.389432E-002i,   -1.762220E-002 -    4.395182E-002i;  -2.610794E-003 -    3.759581E-002i,   -1.435681E-002 -    1.696764E-003i,   -1.762220E-002 -    4.395182E-002i,   -1.423393E-002 +    1.831283E-003i];
S(:,:,2,8) = [    5.948300E-001 -    9.599823E-002i,    3.165326E-002 +    4.586264E-002i,    1.269501E-001 +    7.879374E-001i,   -4.626492E-003 -    3.918965E-002i;   3.165326E-002 +    4.586264E-002i,   -1.940960E-002 +    2.329836E-003i,    4.615241E-003 +    3.915433E-002i,   -2.006406E-002 -    1.943885E-003i;   1.269501E-001 +    7.879374E-001i,    4.615241E-003 +    3.915433E-002i,    5.948806E-001 -    9.568436E-002i,   -3.167488E-002 -    4.591568E-002i;  -4.626492E-003 -    3.918965E-002i,   -2.006406E-002 -    1.943885E-003i,   -3.167488E-002 -    4.591568E-002i,   -1.944609E-002 +    2.334390E-003i];
S(:,:,2,9) = [    5.364837E-001 -    2.916748E-001i,    5.270856E-002 +    4.515119E-002i,    3.780673E-001 +    6.958277E-001i,   -3.580868E-003 -    4.127994E-002i;   5.270856E-002 +    4.515119E-002i,   -2.843307E-002 +    3.265139E-003i,    3.563594E-003 +    4.124022E-002i,   -2.991893E-002 -    2.052492E-003i;   3.780673E-001 +    6.958277E-001i,    3.563594E-003 +    4.124022E-002i,    5.366385E-001 -    2.913897E-001i,   -5.274543E-002 -    4.520925E-002i;  -3.580868E-003 -    4.127994E-002i,   -2.991893E-002 -    2.052492E-003i,   -5.274543E-002 -    4.520925E-002i,   -2.846749E-002 +    3.271406E-003i];

 
S(:,:,3,1) = [   -2.931305E-001 +    5.814622E-001i,   -1.732196E-002 +    2.212328E-002i,   -6.776392E-001 -    3.417328E-001i,    1.733698E-002 -    2.213518E-002i;  -1.732196E-002 +    2.212328E-002i,   -4.339227E-003 +    7.894441E-004i,   -1.732549E-002 +    2.211845E-002i,   -3.914943E-003 -    7.900757E-004i;  -6.776392E-001 -    3.417328E-001i,   -1.732549E-002 +    2.211845E-002i,   -2.932904E-001 +    5.813816E-001i,    1.733819E-002 -    2.214194E-002i;   1.733698E-002 -    2.213518E-002i,   -3.914943E-003 -    7.900757E-004i,    1.733819E-002 -    2.214194E-002i,   -4.395021E-003 +    7.907079E-004i];
S(:,:,3,2) = [   -8.432740E-002 +    6.220577E-001i,   -1.439044E-002 +    2.596906E-002i,   -7.713446E-001 -    1.046930E-001i,    1.461319E-002 -    2.545951E-002i;  -1.439044E-002 +    2.596906E-002i,   -5.043963E-003 +    8.709833E-004i,   -1.460401E-002 +    2.544037E-002i,   -4.567878E-003 -    8.715259E-004i;  -7.713446E-001 -    1.046930E-001i,   -1.460401E-002 +    2.544037E-002i,   -8.453000E-002 +    6.220302E-001i,    1.440480E-002 -    2.599153E-002i;   1.461319E-002 -    2.545951E-002i,   -4.567878E-003 -    8.715259E-004i,    1.440480E-002 -    2.599153E-002i,   -5.097101E-003 +    8.723949E-004i];
S(:,:,3,3) = [    1.127963E-001 +    6.038657E-001i,   -1.066475E-002 +    2.982674E-002i,   -7.756763E-001 +    1.447397E-001i,    1.146669E-002 -    2.854864E-002i;  -1.066475E-002 +    2.982674E-002i,   -5.931062E-003 +    9.742543E-004i,   -1.146009E-002 +    2.852724E-002i,   -5.455110E-003 -    9.738950E-004i;  -7.756763E-001 +    1.447397E-001i,   -1.146009E-002 +    2.852724E-002i,    1.125718E-001 +    6.039076E-001i,    1.067654E-002 -    2.985335E-002i;   1.146669E-002 -    2.854864E-002i,   -5.455110E-003 -    9.738950E-004i,    1.067654E-002 -    2.985335E-002i,   -5.981433E-003 +    9.758604E-004i];
S(:,:,3,4) = [    2.884272E-001 +    5.334957E-001i,   -5.986964E-003 +    3.364734E-002i,   -6.995094E-001 +    3.779930E-001i,    7.990547E-003 -    3.133801E-002i;  -5.986964E-003 +    3.364734E-002i,   -7.092646E-003 +    1.106184E-003i,   -7.986746E-003 +    3.131441E-002i,   -6.664852E-003 -    1.102392E-003i;  -6.995094E-001 +    3.779930E-001i,   -7.986746E-003 +    3.131441E-002i,    2.882062E-001 +    5.336151E-001i,    5.995327E-003 -    3.367846E-002i;   7.990547E-003 -    3.133801E-002i,   -6.664852E-003 -    1.102392E-003i,    5.995327E-003 -    3.367846E-002i,   -7.140177E-003 +    1.108051E-003i];
S(:,:,3,5) = [    4.326126E-001 +    4.186862E-001i,   -7.778924E-005 +    3.736874E-002i,   -5.554200E-001 +    5.736348E-001i,    4.309877E-003 -    3.378123E-002i;  -7.778927E-005 +    3.736874E-002i,   -8.669175E-003 +    1.277211E-003i,   -4.309113E-003 +    3.375537E-002i,   -8.346427E-003 -    1.262830E-003i;  -5.554200E-001 +    5.736348E-001i,   -4.309113E-003 +    3.375537E-002i,    4.324232E-001 +    4.188818E-001i,    8.160225E-005 -    3.740477E-002i;   4.309877E-003 -    3.378123E-002i,   -8.346427E-003 -    1.262830E-003i,    8.160225E-005 -    3.740477E-002i,   -8.713829E-003 +    1.279435E-003i];
S(:,:,3,6) = [    5.364374E-001 +    2.686251E-001i,    7.524318E-003 +    4.087301E-002i,   -3.583991E-001 +    7.152800E-001i,    6.408057E-004 -    3.585572E-002i;   7.524318E-003 +    4.087301E-002i,   -1.089524E-002 +    1.505615E-003i,   -6.433992E-004 +    3.582733E-002i,   -1.075582E-002 -    1.460860E-003i;  -3.583991E-001 +    7.152800E-001i,   -6.433993E-004 +    3.582733E-002i,    5.363070E-001 +    2.688855E-001i,   -7.526580E-003 -    4.091439E-002i;   6.408057E-004 -    3.585572E-002i,   -1.075582E-002 -    1.460860E-003i,   -7.526580E-003 -    4.091439E-002i,   -1.093703E-002 +    1.508340E-003i];
S(:,:,3,7) = [    5.925301E-001 +    9.359131E-002i,    1.761175E-002 +    4.390469E-002i,   -1.250308E-001 +    7.902633E-001i,   -2.610794E-003 -    3.759581E-002i;   1.761175E-002 +    4.390469E-002i,   -1.419490E-002 +    1.827829E-003i,    2.604319E-003 +    3.756434E-002i,   -1.435681E-002 -    1.696764E-003i;  -1.250308E-001 +    7.902633E-001i,    2.604319E-003 +    3.756434E-002i,    5.924822E-001 +    9.389432E-002i,   -1.762220E-002 -    4.395182E-002i;  -2.610794E-003 -    3.759581E-002i,   -1.435681E-002 -    1.696764E-003i,   -1.762220E-002 -    4.395182E-002i,   -1.423393E-002 +    1.831283E-003i];
S(:,:,3,8) = [    5.948300E-001 -    9.599823E-002i,    3.165326E-002 +    4.586264E-002i,    1.269501E-001 +    7.879374E-001i,   -4.626492E-003 -    3.918965E-002i;   3.165326E-002 +    4.586264E-002i,   -1.940960E-002 +    2.329836E-003i,    4.615241E-003 +    3.915433E-002i,   -2.006406E-002 -    1.943885E-003i;   1.269501E-001 +    7.879374E-001i,    4.615241E-003 +    3.915433E-002i,    5.948806E-001 -    9.568436E-002i,   -3.167488E-002 -    4.591568E-002i;  -4.626492E-003 -    3.918965E-002i,   -2.006406E-002 -    1.943885E-003i,   -3.167488E-002 -    4.591568E-002i,   -1.944609E-002 +    2.334390E-003i];
S(:,:,3,9) = [    5.364837E-001 -    2.916748E-001i,    5.270856E-002 +    4.515119E-002i,    3.780673E-001 +    6.958277E-001i,   -3.580868E-003 -    4.127994E-002i;   5.270856E-002 +    4.515119E-002i,   -2.843307E-002 +    3.265139E-003i,    3.563594E-003 +    4.124022E-002i,   -2.991893E-002 -    2.052492E-003i;   3.780673E-001 +    6.958277E-001i,    3.563594E-003 +    4.124022E-002i,    5.366385E-001 -    2.913897E-001i,   -5.274543E-002 -    4.520925E-002i;  -3.580868E-003 -    4.127994E-002i,   -2.991893E-002 -    2.052492E-003i,   -5.274543E-002 -    4.520925E-002i,   -2.846749E-002 +    3.271406E-003i];

% 
% 
% mit den HL_Parameter mit size(HL_Parameter)=[2,2,H-1,N]
%
%

HL_Parameter(:,:,1,1)=[0,0;0,0];
HL_Parameter(:,:,1,2)=[0,0;0,0];
HL_Parameter(:,:,1,3)=[0,0;0,0];
HL_Parameter(:,:,1,4)=[0,0;0,0];
HL_Parameter(:,:,1,5)=[0,0;0,0];
HL_Parameter(:,:,1,6)=[0,0;0,0];
HL_Parameter(:,:,1,7)=[0,0;0,0];
HL_Parameter(:,:,1,8)=[0,0;0,0];
HL_Parameter(:,:,1,9)=[0,0;0,0];





HL_Parameter(:,:,2,1)=[0,0;0,0];
HL_Parameter(:,:,2,2)=[0,0;0,0];
HL_Parameter(:,:,2,3)=[0,0;0,0];
HL_Parameter(:,:,2,4)=[0,0;0,0];
HL_Parameter(:,:,2,5)=[0,0;0,0];
HL_Parameter(:,:,2,6)=[0,0;0,0];
HL_Parameter(:,:,2,7)=[0,0;0,0];
HL_Parameter(:,:,2,8)=[0,0;0,0];
HL_Parameter(:,:,2,9)=[0,0;0,0];



