-.8333333333e-1 -.8333333333e-1 .8333333333e-1 0. 0. 0. 0. .2500000000e-1 .3333333333e-1 0. 0. 0. -.2222222222e-1 0. 0.
-.8333333333e-1 .2500000000 .2500000000 .1666666667 -.1666666667 0. -.1250000000 .1000000000 -.3333333333e-1 0. 0. 0. .2222222222e-1 0. 0.
.8333333333e-1 .2500000000 .2500000000 .1666666667 0. -.1666666667 -.1250000000 .2500000000e-1 .3333333333e-1 0. 0. 0. -.2222222222e-1 0. 0.
0. .1666666667 .1666666667 .8333333333e-1 -.8333333333e-1 -.8333333333e-1 -.8333333333e-1 .4166666667e-1 0. 0. 0. -.1666666667e-1 0. 0. 0.
0. -.1666666667 0. -.8333333333e-1 .8333333333e-1 .8333333333e-1 .5833333333e-1 -.1666666667e-1 .3333333333e-1 -.3333333333e-1 0. .1666666667e-1 -.2222222222e-1 -.2222222222e-1 0.
0. 0. -.1666666667 -.8333333333e-1 .8333333333e-1 .8333333333e-1 .5833333333e-1 -.4166666667e-1 -.3333333333e-1 0. -.3333333333e-1 .1666666667e-1 .2222222222e-1 0. .2222222222e-1
0. -.1250000000 -.1250000000 -.8333333333e-1 .5833333333e-1 .5833333333e-1 .7222222222e-1 -.3611111111e-1 0. .2777777778e-2 .2777777778e-2 .1111111111e-1 0. -.1190476190e-2 .1190476190e-2
.2500000000e-1 .1000000000 .2500000000e-1 .4166666667e-1 -.1666666667e-1 -.4166666667e-1 -.3611111111e-1 .5555555556e-2 -.8333333333e-2 -.5555555556e-2 .2777777778e-2 -.5555555556e-2 .5952380952e-2 .2380952381e-2 .1190476190e-2
.3333333333e-1 -.3333333333e-1 .3333333333e-1 0. .3333333333e-1 -.3333333333e-1 0. -.8333333333e-2 .1111111111e-1 -.1111111111e-1 .1111111111e-1 0. -.1587301587e-1 -.4761904762e-2 -.4761904762e-2
0. 0. 0. 0. -.3333333333e-1 0. .2777777778e-2 -.5555555556e-2 -.1111111111e-1 .3333333333e-1 .1111111111e-1 -.1111111111e-1 .6349206349e-2 .4761904762e-2 -.4761904762e-2
0. 0. 0. 0. 0. -.3333333333e-1 .2777777778e-2 .2777777778e-2 .1111111111e-1 .1111111111e-1 .3333333333e-1 -.1111111111e-1 -.6349206349e-2 .4761904762e-2 -.4761904762e-2
0. 0. 0. -.1666666667e-1 .1666666667e-1 .1666666667e-1 .1111111111e-1 -.5555555556e-2 0. -.1111111111e-1 -.1111111111e-1 .5555555556e-2 0. -.4761904762e-2 .4761904762e-2
-.2222222222e-1 .2222222222e-1 -.2222222222e-1 0. -.2222222222e-1 .2222222222e-1 0. .5952380952e-2 -.1587301587e-1 .6349206349e-2 -.6349206349e-2 0. .1468253968e-1 .3769841270e-2 .3769841270e-2
0. 0. 0. 0. -.2222222222e-1 0. -.1190476190e-2 .2380952381e-2 -.4761904762e-2 .4761904762e-2 .4761904762e-2 -.4761904762e-2 .3769841270e-2 .1190476190e-2 -.3373015873e-2
0. 0. 0. 0. 0. .2222222222e-1 .1190476190e-2 .1190476190e-2 -.4761904762e-2 -.4761904762e-2 -.4761904762e-2 .4761904762e-2 .3769841270e-2 -.3373015873e-2 .1190476190e-2
