.8333333333e-1 .8333333333e-1 .8333333333e-1 .8333333333e-1 0. -.8333333333e-1 -.5000000000e-1 0. .1666666667e-1 0. .1666666667e-1 0. -.1111111111e-1 0. -.1111111111e-1
.8333333333e-1 .2500000000 .8333333333e-1 .8333333333e-1 0. -.8333333333e-1 -.7500000000e-1 0. -.1666666667e-1 0. -.1666666667e-1 0. .1111111111e-1 0. .1111111111e-1
.8333333333e-1 .8333333333e-1 .8333333333e-1 .8333333333e-1 0. -.8333333333e-1 -.5000000000e-1 0. .1666666667e-1 0. .1666666667e-1 0. -.1111111111e-1 0. -.1111111111e-1
.8333333333e-1 .8333333333e-1 .8333333333e-1 .8333333333e-1 0. -.8333333333e-1 -.5000000000e-1 0. .1666666667e-1 0. .1666666667e-1 0. -.1111111111e-1 0. -.1111111111e-1
0. 0. 0. 0. .8333333333e-1 0. .8333333333e-2 -.1666666667e-1 .1666666667e-1 0. -.1666666667e-1 .1666666667e-1 -.1111111111e-1 0. .1111111111e-1
-.8333333333e-1 -.8333333333e-1 -.8333333333e-1 -.8333333333e-1 0. .8333333333e-1 .5000000000e-1 0. -.1666666667e-1 0. -.1666666667e-1 0. .1111111111e-1 0. .1111111111e-1
-.5000000000e-1 -.7500000000e-1 -.5000000000e-1 -.5000000000e-1 .8333333333e-2 .5000000000e-1 .3888888889e-1 -.2777777778e-2 .2777777778e-2 0. -.2777777778e-2 .2777777778e-2 .1190476190e-2 0. .3571428571e-2
0. 0. 0. 0. -.1666666667e-1 0. -.2777777778e-2 .5555555556e-2 -.5555555556e-2 0. .5555555556e-2 -.5555555556e-2 .2380952381e-2 0. -.2380952381e-2
.1666666667e-1 -.1666666667e-1 .1666666667e-1 .1666666667e-1 .1666666667e-1 -.1666666667e-1 .2777777778e-2 -.5555555556e-2 .2222222222e-1 0. .1111111111e-1 .5555555556e-2 -.1031746032e-1 0. -.5555555556e-2
0. 0. 0. 0. 0. 0. 0. 0. 0. .3333333333e-1 0. 0. .7936507936e-3 .4761904762e-2 .7936507936e-3
.1666666667e-1 -.1666666667e-1 .1666666667e-1 .1666666667e-1 -.1666666667e-1 -.1666666667e-1 -.2777777778e-2 .5555555556e-2 .1111111111e-1 0. .2222222222e-1 -.5555555556e-2 -.5555555556e-2 0. -.1031746032e-1
0. 0. 0. 0. .1666666667e-1 0. .2777777778e-2 -.5555555556e-2 .5555555556e-2 0. -.5555555556e-2 .5555555556e-2 -.2380952381e-2 0. .2380952381e-2
-.1111111111e-1 .1111111111e-1 -.1111111111e-1 -.1111111111e-1 -.1111111111e-1 .1111111111e-1 .1190476190e-2 .2380952381e-2 -.1031746032e-1 .7936507936e-3 -.5555555556e-2 -.2380952381e-2 .7936507936e-2 .1984126984e-3 .3769841270e-2
0. 0. 0. 0. 0. 0. 0. 0. 0. .4761904762e-2 0. 0. .1984126984e-3 .1190476190e-2 .1984126984e-3
-.1111111111e-1 .1111111111e-1 -.1111111111e-1 -.1111111111e-1 .1111111111e-1 .1111111111e-1 .3571428571e-2 -.2380952381e-2 -.5555555556e-2 .7936507936e-3 -.1031746032e-1 .2380952381e-2 .3769841270e-2 .1984126984e-3 .7936507936e-2
