% Matlab m-File exported from HFSS11.0.1 
% Note: In three-dimensional arrays, like S(i,j,k), the first index corresponds to the frequency.
%       So, S(N,j,k) is an S(j,k) matrix for frequency N.

f = zeros(1,1);
S = zeros(1,2,2);

f = [11000000000 ];
S(1,:,:) = [    1.945809E-001 -    5.276679E-002i,   -2.562985E-001 -    9.453386E-001i;  -2.562985E-001 -    9.453386E-001i,    1.945871E-001 -    5.274373E-002i];
