*** File Version: 4.00

Solvertype: 102
Meshtype: 2
Number of ports: 1
Portnames: 1
Modenumbers: 1
Number of frequency-points: 1
Fmin: 3.000000e+009
Fmax: 7.000000e+009
Fscale: 1.000000e+009



*** newset

*** newmode
SetType: 100
Portname: 1
Modenumber: 1
Modetype: 6
Zwave: 0.000000e+000 0.000000e+000
Zline: 5.000000e+001 0.000000e+000
Zref: 0.000000e+000 0.000000e+000
Accuracy: 0.000000e+000
Fdev: 5.000000e+009
Fmin: 3.000000e+009
Fmax: 7.000000e+009
Fcut: 0.000000e+000
Alpha: 0.000000e+000
Beta: 0.000000e+000
PortModeCalcState: 1
PortModeConsState: 0
*** endmode

*** endset


